23860
383
3041
63699
18599
41924
56290
39527
56001
17690
45135
50126
61549
7121
48634
26170
17175
41497
37820
1590
9261
4389
51628
55963
59460
5328
65328
34929
42123
4574
18446
31749
824
9725
43744
9893
14237
20473
38752
6193
3564
38113
45322
57721
54962
9237
5308
27410
30654
23703
30360
22946
17694
39459
25324
48975
51700
3116
20743
43021
19370
50359
33921
38390
22445
9518
22638
15003
60791
54182
6816
15280
423
14486
9124
39861
60548
62255
7475
5051
27563
50760
9162
53562
56598
51407
35931
19293
16005
30620
62417
19856
55473
64389
61012
39594
46802
10647
14272
17355
39540
38185
59448
45511
52745
24537
38585
36407
28654
13073
58186
62460
49307
9568
61980
15565
62160
60468
31655
11340
37112
5272
15169
20283
61704
35703
26781
63848
27870
15473
12442
5288
16948
15584
43516
51484
34636
56420
55874
10572
35437
5341
2331
23970
3811
32152
54609
4228
5082
59594
26482
381
26029
50084
23658
63493
63897
51314
59383
49327
42115
27543
33629
18245
55258
2110
48037
14463
49540
21557
19167
15446
5709
13361
15579
53543
26218
5800
2220
64939
43825
29698
4218
32521
41118
43785
8075
13979
59046
57574
14059
31576
6750
53370
10769
35478
28447
3547
21119
48717
31071
29896
35361
59728
6399
35712
60354
26446
54437
9143
50811
5230
44243
32991
10177
43430
61591
39549
16088
30057
169
35485
14171
18106
5497
63505
34413
47280
624
62086
49680
6351
57816
42816
9170
33106
29304
63841
45558
46024
28560
3018
36000
61086
5730
23937
4541
43913
32626
12257
62020
39827
7719
32909
8427
41419
9408
11213
56545
13840
19977
36695
24005
55197
38646
50593
41025
51729
16776
55006
1909
41176
26023
54074
28189
25456
50361
447
34426
49734
18258
15592
10316
46845
53905
20908
15469
30017
8573
7050
7332
6614
16395
2244
30616
34304
46468
20735
33677
11360
32052
7885
43518
50161
37602
9764
61854
17476
7813
3760
36556
50613
36058
60881
60354
53068
4631
193
40009
54451
63187
26755
29879
40718
32151
54959
64445
44629
22475
43181
47593
19381
17169
42524
17404
43863
6827
33754
64767
41569
5093
65348
24180
51151
65127
12562
30355
25063
51849
62774
20966
63679
44598
37183
13814
24302
31981
15736
10572
13933
63310
49781
61681
34473
23198
58660
53361
42185
34526
2904
19931
7611
62205
2515
35657
19861
63564
57362
29077
1786
61740
48362
40985
61992
16614
48778
33311
54296
46207
47124
59369
38129
13183
58308
24039
57466
28061
53758
15323
32025
60350
26802
65301
48309
37269
12976
8550
41202
28174
10453
57678
49013
34196
7939
43658
38396
44649
61791
18392
42718
24334
54040
14960
24514
32127
56288
28937
54159
30060
19410
49702
47317
37107
25484
39774
52447
19374
4026
5204
48023
63640
47278
16321
27668
2436
65472
8735
8881
55300
4579
3010
17027
21702
63696
20127
45919
10454
16153
62929
36085
56677
38699
35216
50663
40831
36484
15556
19647
22307
48365
36143
19172
35194
10229
17206
60762
60862
38219
28264
7754
41271
24398
65147
13180
31060
44624
43453
62273
24873
8955
8262
4327
55854
27462
64147
42548
21691
38827
14650
24202
60477
33273
38357
19655
17184
9911
53765
27801
29671
28042
54279
60795
54580
49380
57260
52915
16132
49542
62023
25409
34042
56190
1858
51278
30238
4200
21716
37700
14932
47604
56354
17392
49999
43214
41229
50589
62991
60006
41821
19951
34138
50420
6171
41925
20830
30691
11794
41417
48855
59465
54940
6649
25951
14653
3007
63296
53901
3885
262
6878
58176
53157
44244
25300
26448
1329
28596
3862
49948
23694
3347
19277
65286
44640
8361
35999
62653
45688
9351
11353
58786
20591
37023
52264
60092
51361
44319
40070
7734
61659
8156
13486
44471
34252
49712
54039
56695
44365
53987
16405
25256
35461
32360
14452
62022
35800
4616
60819
54396
32684
1037
25143
13857
41184
34410
61712
40572
37402
19062
14876
49291
37045
54763
53477
2613
12461
41758
62804
8656
25414
51998
11670
37081
54815
10199
61435
23229
22635
26953
33121
13665
42077
10970
30389
40986
60320
34804
49114
39375
56139
20692
1715
14867
32331
54425
24541
51050
49465
13345
37539
63708
12236
33912
33930
7894
26462
20440
59727
51499
17151
37793
11300
51785
53544
30813
28900
60525
4332
10682
34299
22880
26945
22159
2100
14787
61645
40967
53943
58173
23418
12762
1374
38437
44458
44994
31933
10492
24356
54451
63412
33614
6691
33493
26735
47008
47461
32334
2262
15927
4931
48234
54927
62991
50081
41873
38721
26454
52062
4599
38147
24767
3596
47255
60127
38879
34392
47284
42168
61981
19174
23363
45643
39095
2273
48802
60787
56283
35597
65202
19935
10470
56445
24975
4802
17070
63709
42651
52153
25258
12900
39355
65371
41770
10889
22746
56901
55162
40849
22804
18081
58299
22880
43714
1295
27814
9360
29480
3616
56566
18359
14058
38361
56150
62427
48439
52015
20154
25445
55186
21045
30743
12763
47387
49932
52693
48893
14564
48181
36676
31203
2277
58911
13114
53313
46486
27356
13541
19367
64594
20806
31463
32387
30650
13667
57322
42266
50336
31298
52753
61400
34508
10896
35278
62632
15939
52914
43318
45145
49983
61339
21755
16445
52106
22331
44067
17124
53013
20587
60829
54669
28229
49847
42783
59151
35412
33063
61862
6276
10723
6040
58804
25655
6487
53094
44586
3306
47785
11231
36055
62948
25159
18286
26990
2185
55802
60995
8026
2558
36437
8281
16951
37739
39621
32106
57598
23912
25187
38938
26184
56322
58521
1126
56697
10261
12865
18070
790
19786
46840
21945
52814
30127
51384
54639
56595
50485
43486
18600
63320
31824
56820
30762
60208
41473
5023
61087
22354
48893
40211
30395
44388
23857
22410
53462
14025
3535
18663
39620
13914
45905
9212
34973
13629
513
18225
22000
2467
26574
53702
12007
29029
26713
47326
1603
249
35958
43543
20987
20174
10382
19740
54108
25726
54383
37718
23149
43098
40117
11325
15837
17154
58039
34955
35524
62536
63443
44740
41103
57522
46217
19020
3941
64465
20235
5150
37110
50122
16424
60240
59055
19844
5411
37835
17244
32802
8431
13853
50027
32487
23620
62228
54421
58285
45495
27758
28129
42767
65079
16511
41472
36682
18141
35904
37459
14643
57209
30114
42622
22658
20865
6579
23963
35682
56825
34575
10607
2559
5583
26667
49962
